0  1029  892  773  628  613  916  954  941  871  784  642  598  839  838  800  724  645  526  501  739  749  720  650  574  458  428  641  648  621  

1 71  72  78  66  70  72  75  73  70  79  65  69  73  74  80  73  74  73  86  79 73  74  73  84  86  82  81  79  74  

4 23  17  22  18  17  19  16  20  18  19  17  16  23  17  18  17  15  24  17  18  16  18  17  17  26  16  17  16  18  

5 19  14  20  15  19  14  19  15  19  14  19  14  19  14  19  14  18  16  19  16  18  16  19  15  19  15  17  15  19  

6 6  6  7  5  1  1  1  0  1  2  1  1  0  1  0  3  0  8  1  1  0  2  0  0  1  6  0  0  1  

10 9  17  15  18  12  19  14  13  15  19  15  13  16  14  13  14  14  15  14  14  13  12  15  13  15  14  15  16  17  

11 30  34  41  42  43  47  45  49  50  51  52  52  53  53  54  53  54  51  54  54  62  65  54  53  54  61  54  51  54  

13 17  20  23  20  18  25  21  21  19  20  21  20  21  21  22  21  16  21  17  20  18  21  21  25  21  21  20  24  21  

15 25  24  23  23  23  23  22  22  22  21  20  20  19  19  19  18  18  17  18  16  16  17  16  15  14  14  15  13  14  

18 5  6  6  5  6  6  6  6  6  5  5  6  3  8  5  6  6  6  5  9  5  6  8  5  6  5  4  6  5  

19 3  3  2  2  0  1  0  1  1  1  0  1  1  1  0  1  3  1  3  0  1  1  5  0  1  1  0  1  0  

21 29  29  28  29  29  33  29  28  28  36  29  28  28  31  28  28  29  29  22  28  31  29  28  28  34  29  28  27  28  

22 26  25  26  26  25  26  26  26  28  27  27  27  28  25  25  26  26  24  24  26  25  25  26  27  26  28  28  25  26  

24 16  13  14  12  12  12  13  12  12  13  13  13  13  12  12  12  13  12  13  12  13  16  16  15  13  12  13  13  13  

25 7  7  6  6  7  3  7  7  6  9  7  6  2  6  7  8  7  7  3  7  4  6  7  10  8  6  7  9  7  

38 26  18  19  19  22  21  24  22  20  22  20  22  22  21  21  22  21  21  21  21  22  21  21  22  22  22  21  22  22  

39 37  39  35  34  34  44  40  38  39  37  37  38  39  39  39  44  39  38  38  36  36  39  40  40  43  38  39  38  35  

43 47  41  41  41  41  42  43  42  44  43  44  49  50  45  45  45  46  46  46  45  48  51  52  48  48  49  47  45  49  

45 6  7  7  5  6  5  6  5  5  4  4  4  7  4  3  3  2  1  1  1  2  0  1  0  8  1  0  1  0  

47 14  12  12  11  17  21  14  17  15  15  16  16  15  15  16  16  16  15  16  15  21  15  16  20  15  17  15  15  16  

50 31  30  20  27  18  21  20  24  19  16  16  16  15  14  20  20  16  15  15  17  17  18  16  14  15  14  14  15  17  

52 8  7  7  8  8  10  8  8  7  7  8  7  8  7  12  7  7  6  7  8  7  8  9  9  8  7  8  6  7  

57 37  32  28  27  26  34  36  33  30  27  27  27  35  36  34  31  28  28  29  35  37  33  31  30  30  29  35  38  35  

73 5  4  4  4  4  5  4  5  5  4  4  4  5  5  4  4  4  4  4  4  5  5  4  4  5  5  5  5  5  

75 7  7  9  7  6  7  10  7  7  6  11  7  6  6  7  6  6  9  6  7  8  7  6  9  7  6  7  6  6  

76 15  15  18  16  19  19  21  22  17  18  16  17  15  18  16  16  19  16  15  15  15  14  19  15  15  16  16  15  16  

77 24  17  18  15  15  22  19  18  21  18  17  15  21  23  20  19  19  18  17  20  19  18  20  18  18  17  20  20  20  

82 12  11  11  11  12  12  13  13  13  12  13  12  13  12  12  14  14  13  13  13  13  14  13  14  14  14  14  13  14  

84 10  9  10  9  8  11  10  12  8  9  9  9  10  11  11  11  11  9  9  11  11  10  9  10  11  9  11  11  10  

87 13  13  14  14  13  13  14  13  13  13  14  13  13  14  13  13  14  13  13  13  13  13  14  13  14  13  13  14  13  

88 20  21  21  20  21  21  21  21  24  25  25  25  20  21  20  21  21  23  20  20  21  20  21  20  21  22  20  21  20  

89 6  6  6  8  8  6  6  5  6  6  8  5  6  4  5  9  5  6  5  5  6  6  5  6  6  5  6  4  5  

104 17  18  14  14  12  14  16  15  16  13  14  11  13  16  16  16  14  13  11  13  14  14  15  13  14  12  14  15  15  

105 29  27  26  28  30  30  30  29  30  30  31  30  31  30  31  32  32  32  33  32  32  33  33  34  33  34  35  35  34  

107 6  6  6  6  5  5  2  6  5  4  6  5  6  6  7  8  6  6  5  8  5  5  6  5  5  5  5  5  6  

109 10  9  11  6  5  7  10  11  8  10  6  5  7  10  10  8  10  4  4  7  9  9  8  9  4  4  6  8  8  

121 8  8  8  9  9  8  9  9  8  11  8  9  9  9  8  8  9  9  9  8  4  8  8  9  3  8  8  9  9  

122 5  2  2  3  1  6  2  1  1  2  9  2  1  4  2  3  2  1  2  2  1  2  1  3  0  1  1  1  2  

125 8  8  8  9  12  8  8  11  8  9  8  9  9  8  9  10  8  9  9  9  8  9  8  9  9  8  10  10  9  

129 18  19  19  19  19  19  20  19  19  19  20  19  17  19  19  18  20  19  21  20  19  19  19  19  19  20  20  19  20  

136 8  9  8  8  9  8  7  9  6  9  8  10  8  9  8  8  8  9  8  8  9  9  11  9  8  8  9  9  8  

138 8  8  9  9  10  10  10  15  10  9  10  10  9  9  9  9  9  11  9  10  12  9  10  10  9  9  10  10  9  

139 9  9  11  11  11  11  11  10  13  11  11  11  8  12  11  12  11  7  12  14  15  11  12  12  12  10  11  12  12  

150 17  18  20  23  17  17  21  17  19  18  18  16  21  23  25  17  16  16  27  17  16  15  17  16  16  18  17  16  17  

153 17  14  10  12  11  10  11  15  12  12  18  11  16  11  12  12  17  12  16  11  12  12  11  12  14  15  13  11  11  

156 2  2  2  2  1  1  1  2  2  1  1  1  2  1  2  1  2  2  3  1  1  1  2  6  1  1  2  1  1  

158 20  23  21  20  14  25  19  23  19  22  16  18  21  25  20  22  20  21  19  22  20  21  20  22  20  19  21  22  20  

163 4  4  4  3  4  4  4  5  5  4  6  4  3  4  3  3  3  4  3  4  4  4  4  3  3  4  3  3  4  

167 8  7  8  8  8  7  9  8  11  8  7  8  7  7  8  7  10  7  8  7  7  7  8  6  8  7  8  7  7  

170 4  2  1  1  1  0  2  1  3  0  0  0  1  1  3  0  0  1  0  2  0  1  5  1  0  1  1  0  0  

181 9  9  8  10  8  9  9  9  9  9  9  10  9  9  10  10  10  9  10  10  10  9  9  9  10  10  9  9  9  

196 6  6  6  7  4  4  6  8  6  6  7  6  4  6  6  5  5  6  6  4  5  7  6  6  6  6  4  6  5  

216 16  15  16  16  17  15  17  15  17  16  16  15  16  15  16  15  17  16  17  16  16  15  17  16  16  15  17  16  16  

223 5  4  5  5  4  5  4  5  5  4  5  5  4  6 5  4  1  5  5  4  5  3  5  4  4  4  4  5  4  

235 14  12  12  8  15  7  14  13  12  11  12  10  11  11  13  10  11  11  13  11  14  15  15  17  17  10  10  12  13  

237 13  12  14  13  16  17  13  13  12  13  12  13  16  15  15  12  13  13  12  13  11  14  12  13  13  15  12  12  13  

238 14  18  14  15  16  15  15  16  16  16  16  15  16  17  16  17  16  16  17  16  16  17  17  18  18  17  17  17  18  

263 4  4  5  4  4  5  5  4  5  4  5  4  6  5  4  4  8  4  4  4  5  6  5  5  4  4  4  5  4  

274 6  5  7  6  7  4  5  5  3  4  4  2  6  5  4  5  6  4  5  4  5  5  5  3  5  3  5  5  5  

276 7  7  6  8  6  8  8  9  9  9  8  9  8  9  8  9  9  9  9  8  8  9  8  9  8  9  8  8  8  

278 4  4  5  5  4  4  5  4  4  4  5  4  5  5  5  4  5  5  6  5  7  5  5  4  4  4  4  4  5  

290 4  4  3  3  1  4  4  4  4  3  4  4  3  2  3  5  3  3  4  4  3  4  4  3  3  6  3  3  3  

296 16  16  14  12  16  17  11  14  13  14  14  15  13  14  14  18  13  17  14  12  14  14  12  11  14  13  14  13  14  

307 8  8  7  8  8  7  7  7  8  8  7  8  7  9  7  8  7  7  7  5  7  7  8  8  7  8  7  7  8  

330 5  4  5  6  5  7  6  7  5  6  6  6  6  7  5  6  6  5  5  5  7  5  6  5  6  6  5  6  5  

333 2  3  5  4  3  3  2  3  4  3  3  3  4  4  5  4  3  3  4  3  3  4  3  4  6  3  4  4  3  

338 12  13  12  12  13  13  12  13  13  12  14  14  14  14  11  18  14  14  14  14  15  14  16  14  18  13  16  14  14  

341 5  5  5  5  4  4  5  5  4  4  5  5  5  4  5  5  4  4  5  4  5  4  5  5  4  5  5  5  4  

343 7  8  7  7  12  8  7  8  9  8  8  7  10  8  8  7  6  8  8  7  7  7  11  7  7  8  8  9  8  

361 7  6  7  6  7  12  7  6  7  4  6  7  8  7  7  6  7  6  6  6  7  6  7  8  7  6  7  7  6  

372 3  2  3  3  3  2  3  4  2  3  2  3  3  5  3  2  3  3  2  3  7  3  3  2  2  2  3  3  2  

378 5  6  5  5  6  5  6  7  5  5  6  5  6  6  5  9  8  6  6  5  6  5  6  6  2  5  6  6  6  

384 3  3  3  3  2  3  2  4  3  3  4  3  3  3  6  3  5  4  3  4  3  4  3  4  2  3  4  3  3  

415 6  6  9  5  5  6  5  5  6  6  5  6  5  4  4  7  8  5  5  6  5  6  5  6  6  6  8  5  6  

430 6  6  5  5  6  4  6  5  5  6  6  6  5  6  6  5  5  7  6  6  5  6  5  5  9  6  5  6  6  

431 4  5  7  5  4  5  4  4  4  8  6  4  4  5  4  5  4  5  5  4  7  4  5  5  4  4  5  5  5  

442 7  10  7  8  8  7  8  8  7  8  8  7  8  7  8  8  9  7  7  8  8  8  7  10  7  7  8  8  8  

455 1  1  2  1  2  1  2  1  2  1  1  2  2  1  2  1  2  1  1  2  1  2  1  1  2  2  2  1  2  

475 4  7  3  3  3  4  2  3  4  4  4  3  4  6  3  2  7  2  3  4  3  4  3  4  4  6  3  9  4  

486 10  8  10  11  10  10  10  11  11  10  12  12  11  16  12  11  12  11  14  11  13  13  12  15  13  16  13  12  12  

499 3  1  2  1  2  2  3  2  3  3  2  2  3  2  3  4  3  6  3  3  2  2  3  2  10  3  2  2  2  

506 3  4  4  4  4  4  3  4  4  5  3  5  3  4  4  4  5  4  4  4  4  4  5  4  5  4  4  4  4  

511 3  2  2  1  1  3  4  4  2  2  1  0  3  2  4  2  2  0  1  2  2  3  1  1  1  0  2  2  2  

515 3  3  4  5  4  3  3  4  4  7  4  5  4  4  3  4  3  4  3  4  4  3  6  3  3  3  4  3  4  

538 4  5  5  4  4  6  4  4  5  5  5  4  5  5  4  5  5  4  4  4  5  4  4  5  5  4  4  5  4  

596 6  4  3  2  3  4  5  5  3  4  2  3  3  4  5  3  3  2  3  7  3  4  2  2  2  3  8  3  4  

610 1  2  3  1  6  1  2  1  2  2  3  2  2  1  1  2  1  2  1  4  1  1  1  2  2  3  2  2  2  

650 7  4  5  5  5  4  4  4  5  7  5  4  5  5  4  3  4  5  5  4  4  5  4  5  5  8  5  4  4  

661 5  6  5  6  5  7  5  6  6  5  5  8  5  6  5  6  6  4  7  8  6  7  6  7  3  7  6  8  6  

669 2  2  2  1  1  1  1  2  1  1  2  2  3  1  1  1  2  2  2  1  1  2  1  1  2  1  2  3  1  

672 2  3  1  2  1  2  3  2  2  2  1  2  3  2  5  1  1  1  2  2  1  2  1  2  1  1  2  3  1  

716 2  2  2  1  4  1  2  1  2  2  2  4  1  5  1  1  1  3  1  1  2  2  2  2  1  2  3  5  1  

720 4  3  3  4  4  3  4  4  4  5  4  4  3  2  4  6  4  3  3  4  4  3  4  1  3  4  6  3  4  

801 5  3  3  3  4  4  3  4  4  3  4  3  3  4  5  4  3  3  3  4  4  4  3  3  3  4  4  4  4  

829 1  2  1  1  2  2  1  1  1  2  2  2  1  2  1  2  1  2  2  1  1  2  1  2  2  1  2  1  2  

848 4  5  4  4  4  5  4  5  5  5  4  4  4  5  4  4  5  5  5  5  5  4  4  5  4  4  5  5  4  

865 5  5  4  7  7  6  5  6  6  6  8  6  5  5  7  7  6  7  7  9  7  10  7  6  6  6  7  6  6  

922 5  6  5  5  4  5  3  5  5  5  4  5  6  5  5  4  4  4  5  7  5  5  4  5  4  5  4  4  5  

949 2  2  2  2  2  2  2  2  2  2  2  1  1  1  2  2  1  1  1  2  1  1  2  2  2  1  2  2  1  

962 1  0  2  0  0  0  1  0  1  1  0  0  0  0  2  0  1  1  0  1  1  1  0  1  1  0  0  1  0  

964 2  3  4  3  3  4  3  3  2  2  2  3  2  4  3  2  2  3  2  2  2  3  3  3  3  2  3  2  3  

